<< --- 2D STRESS ANALYSIS USING QUAD --- >>
PROBLEM 0.0
<< NN NE NM NDIM NEN NDN >>
33 20 1 2 4 2
<< ND NL NMPC >>
6 1 0
<< Node# Coordinates >>
1 0.0 0.0
2 0.0 0.005
3 0.0 0.01
4 0.01 0.0
5 0.01 0.005
6 0.01 0.01
7 0.02 0.0
8 0.02 0.005
9 0.02 0.01
10 0.03 0.0
11 0.03 0.005
12 0.03 0.01
13 0.04 0.0
14 0.04 0.005
15 0.04 0.01
16 0.05 0.0
17 0.05 0.005
18 0.05 0.01
19 0.06 0.0
20 0.06 0.005
21 0.06 0.01
22 0.07 0.0
23 0.07 0.005
24 0.07 0.01
25 0.08 0.0
26 0.08 0.005
27 0.08 0.01
28 0.09 0.0
29 0.09 0.005
30 0.09 0.01
31 0.1 0.0
32 0.1 0.005
33 0.1 0.01
<< Elem# Nodes Mat# Thickness TempRise >>
1 1 4 5 2 1 1 0
2 2 5 6 3 1 1 0
3 4 7 8 5 1 1 0
4 5 8 9 6 1 1 0
5 7 10 11 8 1 1 0
6 8 11 12 9 1 1 0
7 10 13 14 11 1 1 0
8 11 14 15 12 1 1 0
9 13 16 17 14 1 1 0
10 14 17 18 15 1 1 0
11 16 19 20 17 1 1 0
12 17 20 21 18 1 1 0
13 19 22 23 20 1 1 0
14 20 23 24 21 1 1 0
15 22 25 26 23 1 1 0
16 23 26 27 24 1 1 0
17 25 28 29 26 1 1 0
18 26 29 30 27 1 1 0
19 28 31 32 29 1 1 0
20 29 32 33 30 1 1 0
<< DOF# Displacement >>
1 0
2 0
3 0
4 0
5 0
6 0
<< DOF# Load >>
66 -1000
<< MAT# E Nu Alpha >>
1 1000000000.0 0.499 1.2e-05
B1 i B2 j B3 (Multi-point constr. B1*Qi+B2*Qj=B3)
